cam0:
  cam_overlaps: [1]
  camera_model: pinhole
  distortion_coeffs: [0.0753643713800888, -0.18468836000112895, 0.0009272632396975177, 0.00033363659205522315]
  distortion_model: radtan
  intrinsics: [1151.1334158718826, 1150.3090203551176, 648.8050329663585, 365.5053840716478]
  resolution: [1280, 720]
  rostopic: /cam0/image_raw
cam1:
  T_cn_cnm1:
  - [0.9999837550791691, -0.0017600256386679483, 0.0054214285495924955, -0.0299714404913448]
  - [0.0017695575766284754, 0.9999968962420779, -0.0017539019917587435, -0.00027389486151521193]
  - [-0.0054183248103174715, 0.0017634670297258209, 0.9999837658383699, 0.0003635283259655295]
  - [0.0, 0.0, 0.0, 1.0]
  cam_overlaps: [0]
  camera_model: pinhole
  distortion_coeffs: [0.06143751113012889, -0.137472177155589, 0.0015305181120103494, -0.003568309204891758]
  distortion_model: radtan
  intrinsics: [1155.1179808462648, 1154.4843063411186, 645.3725287189998, 365.7850820223632]
  resolution: [1280, 720]
  rostopic: /cam1/image_raw
